image: /home/team6/maps/playground.pgm
resolution: 0.050000
origin: [-8.817371, -9.848913, 0.000000]
negate: 0
occupied_thresh: 0.65
free_thresh: 0.196

